lastAccountName: lilboooaaat
timestamps:
  login: 1529038531058
  lastteleport: 1529032125509
ipAddress: 76.240.26.250
lastlocation:
  world: world
  x: -563.803358386769
  y: 31.0
  z: 1541.6769933780595
  yaw: 52.491333
  pitch: 27.31034
afk: false
