lastAccountName: coolcon21
timestamps:
  login: 1529038510936
ipAddress: 76.97.242.152
lastlocation:
  world: world
  x: -80.52668441412615
  y: 62.0
  z: 141.7081649812713
  yaw: 176.70049
  pitch: -38.69989
