lastAccountName: anth60600
timestamps:
  login: 1529038514337
  lastteleport: 1529038541328
ipAddress: 73.54.202.104
lastlocation:
  world: world
  x: -415.32299291634223
  y: 66.0
  z: 427.89206985742845
  yaw: 79.89217
  pitch: 18.995153
