lastAccountName: DameTooCosita
timestamps:
  login: 1529038512521
ipAddress: 73.137.94.139
lastlocation:
  world: world
  x: 105.6634733481006
  y: 70.0
  z: 168.05364267273035
  yaw: -119.251526
  pitch: 20.249964
homes:
  home:
    world: world
    x: -374.6186218021637
    y: 24.0
    z: 1650.4812150664666
    yaw: -110.38342
    pitch: -2.850136
