spawns: 
  default: 
    world: world
    x: -615.6501726616974
    y: 64.0
    z: 1605.8542147150224
    yaw: 345.4485
    pitch: 9.450053
